713 ¹ SERMONS. 114

6616166 66616 6666166 666611666. (166661166666 demie unce 61666661661 il 16666666 6666 6666
6166616666661661116166661166. 1116611666 condemner en un quintal. 116666666-66161661
66661666 6666666 666666 16661666616661166, 61666 6666666 6666661666161166 6666616166 66616 6666
666 6666116 666661 perplex, 61666 666 666166 66161 commea, 616166’661666166 161661. Et pensons
6666616 ‹l'ailleuro que de 666 66661166. Et 6666666 666666616616616111, 666 6666 66 6666666 66666616
6666 mieux 66666666166 6616, 61616666 1166 6 66 6661616166666661666666666666666666661611166
661 6 6616 111, c'esi que 6666 66 666166166666 666 6666 l’iuvoquer comme 666166 Ρ666. 06 66166 6661
11166 16 66166. Et c’est une chose terrible 666 16 6166 premier, il y 6 16 666661, 6661 666 ceux qui
l’ovoir pour partie 6166666. 06 11 16 6666 166616666 66 pensent 16611166 66616666 menites, 66 666661661

666661661 666 6666 66616666 prenomen de 666 66661 qu'il n'y 6 666 666 66616 666666 661 6611 =

6666666. 1666666166 166666666 autaut, 61166 16666, 666611116616666166[666. 161]16666616
6661666 66616666 droit, comme il 6 6616 [666. 160] 6166666, i'ay 16616 111 66’6666666 666 6666 1661666
66666166 666 661666666 6’6 16 166616 61666 6666 16 6661116 16 1611666616616616 6666, 666 66 n’cet
66 6111611666 666666 616166, 61 ’6616666666 6’6 16 rien: ear 6666 66 1616666666 666 d’estre 6661666666
166616 6666616 6666 consessor 66’116’6 6 66611166 61 6666 66666 16161111 66 uu seul article: mais 66161
6661 661 661116616, 11661666161666116666161666166 6666666 666 66166 661666, 6661 66666616, 6666666
166. 06 6666 66 6616666666 666 666166 proces: n'approchone nulloment d’acccmplir 161666 6116
1666166661666616666611661666666666666 666166166. 1661 61 66 partie. Et comment cela? Noua 1166666
611661 1666 666 6666 666666666 1166 16 66 66161 16166 666 666 6666666 66 66 166661 66161 1611166 6
666666666666166 a 6661666661661616666616616 666166 6616166. 11 ason 6616 61 66 balance. Et
nous, 61 66 66616 11 1661 1166 666 166 hommes comment 166166-1106616116 6666666116 1661
666661 16666 16 6666, 66661 116 6666661 mettre 66661661166616166166 6661116666 6166661166. Et
quelque 66616666 66 leurs 66661166. 111 6 6 161 666616666666 66 161 666661 Nous 66666666 166616666
double 61666, 66166 61 661 66 611166 66 1661616666. 666616666 66 beaucoup d'affections 6666661666, 61
1166 11 6 6 66 6166 66661166 hommes 6611661 66661166 qu'ellee 66 dominent point 66 6666166166-
66116-666116 666166 6666 11166 61661 666 1661 166 1616 61 661-66 666 6666 66 166 6666666 666 16 1661
Ρ6616166. Et 6666666 qu’ils defaillent 66 beaucoup deepouiller. 1166 6 166661666 666 1666616 6666
166166116,66661666166116661661666616666’11666 n'aurons 66 161 6616 16 61661166 11166 comme 11
16166661 66161 116166 acceptet 16166. 06 11166 666611666616, 116 6666166616666 6661666 infirmita:
n’e 6166 6666616 61666 6 ceux qui accompliront 6666 6 16616666 1166, 66616 66 6661666 66116 611
16616 16 1666. Νο1666 1166 66 mot 66 11661111, 6661661166 16116 qu'elle puisse 661166 166661 661666.
Quiconque 1666 166166 166 616666 66661166 66 16 (166 11 n'eet 66161161 question 16 116616 66116, 16
1666, 11 61666 66 icelleo: il 6661 666 111 666 partie 666666661611166166661666,111661’66166166666666,
1661 seulement. 1116661 66 quc dit sainct 1666666, Dieu l’approuve. Ν666 666666 1666 1166 161616
6666616666161616616166611166166,1161616616 6166 66661166166661166, 66 d'avoir 66666 66 666
66661 16 16666166. Quend 1666 66 homme 6666 conscienoce: 666 66166 66 666 6666 1616111666 66
66666 6166166666166 16616 66 616 666661661 s'il 661 beaucoup d’endroite, 61 qu'il n’y 6 66166 661 n’ait
coupable 66 6661666 66166 661661, 116616166666666 166 66616616 [666. 166] 1666 166 166666, 6666666666
166166 eundemne. Et pourquoy? [pag. 161] Oe que 6666 66111666 16 mieux 16166 qu'il 661 possible, 1661
Dieu 6 66616161, 1166 6661 66166 116166 666 6666, 66666 6666 611666 66 61661661. 1166666 6661666
16166116616 161666661 6661616616 61 unic: il 66 1611116661 66166 166 166666 6666666 6666666. Y 6-11
1661 66161 1666666 6666 66616611666 16 16 666666 1666616 66 666666 meilleure quc colle d‘Abram, 66661
por 616666 61 666 6666666666 66 16616166 66616166 1166616 66661161666666116111166166161611 est
6661166. Or maintenant 666661666 1166 61 66 1661 6661616 qu'il 6 66 beaucoup 16 6666616 66 666, 661
61 666 1661 nous 6666666 6666 6661166 66 66616 66666166666166161116666. Voila douc 66616 666666
qu'il n’y 611 666 661166 66 16616 666166 616, 16166, 661 661 6666666 66611166 166661 11166, 61 66 6661
661 commeo-nous? 0666666 111 Salomon: Qui dira estre reputec pour 6666116. Quo sera-co mainteuant
166 66666 mou 66666111 661 6666 666 16666666 16 66 666 6666 1616666, 666 qu'il n'y 6 66166 661
leonidem, 66611 6 6 66661 beaucoup d'ypochritcs 6666 trouve bien 6661666616, quand il 661 66661166
66 monde. Μ616111661 qu'uu homme 66116166 16 66 6661166 66 chemin? Enccres qu’on 66 6661116
66’1666666 comme 166 111 66661 11 66 vient la: 666 6666616666 6666 666616 Dieu fidelement‚ 1661 6 6
o'il 6666616 66661 1666 11 6 616166, 6666 qu’il 66 qu’on u’y 66 66161 1166616116 166161666 61161666116
661166661 6666 666666 1166 6666661661, 11 661 qu’il seruit 666616, 66666616166661166666 partie.
certain 66661 6666 6666611666 611166 666 unce ou Ainoi donc il 6666 166166 166616666 1666666666 66
166616661166616666616161666 muniere 161166 1666116 611666161616, 61 61 nous ne 66616666 666
6 l'oppoeite: 6666 661166666 16 666166166 d'une trop 66666166 616666 6666611 6616. Or 166 16616

 

